[  3 , 6 , 7 , 5 , 3  ] 
[  5 , 6 , 2 , 9 , 1  ] 
[  2 , 7 , 0 , 9 , 3  ] 
[  6 , 0 , 6 , 2 , 6  ] 
[  1 , 8 , 7 , 9 , 2  ] 


The DC TRANSFORM OF ABOVE MATRIX IS BELOW : 

[ 23.000000 ,-5.014882 ,-0.448701 , 9.949015 ,-2.652583  ] 
[ -1.328471 ,-3.432253 ,1.196172  , 0.977821 ,-2.488863  ] 
[ -5.234536 ,-3.890289 ,-4.226968 ,-4.265563 ,-3.916903  ] 
[  4.870243 ,-1.277421 ,-3.751000 , 0.871813 , 0.264749  ] 
[  4.803057 ,-6.274959 , 3.904615 , 5.664306 ,-5.827649  ] 


The INVERSE D C TRANSFORM OF ABOVE MATRIX IS BELOW : 

[ -1.611347 , 6.651797 , 9.908573 , 8.543604 , 1.982809  ] 
[  4.664271 , 2.124213 , 2.370059 , 4.111793 , 5.937047  ] 
[  0.001364 ,11.764202 ,-2.955981 ,16.571148 , 2.421095  ] 
[  7.118631 , 1.303575 , 6.971869 , 4.021186 ,10.462220  ] 
[ -1.521034 ,11.509620 ,12.563926 ,15.807238 , 4.343297  ] 


The DIFFERENCE MATRIX IS BELOW : 

[ -4.611347 , 0.651797 , 2.908573 , 3.543604 ,-1.017191  ] 
[ -0.335729 ,-3.875787 , 0.370059 ,-4.888207 , 4.937047  ] 
[ -1.998636 , 4.764202 ,-2.955981 , 7.571148 ,-0.578905  ] 
[  1.118631 , 1.303575 , 0.971869 , 2.021186 , 4.462220  ] 
[ -2.521034 , 3.509620 , 5.563926 , 6.807238 , 2.343297  ] 

