The random 2D matrix : 
0    1    1    1    1    0    0    1    0    0    0    1    0    1    1    
0    1    0    1    0    0    0    0    0    1    1    1    1    0    0    
0    0    0    1    1    1    1    1    1    1    1    1    1    1    0    
0    1    0    0    0    0    0    0    0    0    1    0    0    0    0    
0    0    0    0    0    1    0    1    0    1    1    1    0    0    0    
1    0    1    1    0    1    1    1    1    1    1    0    1    1    0    
1    0    0    1    0    0    0    0    0    0    1    1    1    0    1    
1    1    1    0    0    1    1    1    0    0    0    0    0    0    1    
0    1    1    1    1    0    1    1    0    1    0    0    0    1    0    
1    1    1    0    1    1    0    1    0    0    1    0    0    0    0    
0    0    0    1    1    1    1    1    0    0    0    0    0    1    0    
0    0    1    1    1    0    0    1    1    0    1    1    0    0    1    
1    0    1    1    1    1    0    1    0    0    1    0    1    1    1    
1    1    0    0    0    1    0    0    0    0    0    1    1    0    1    
0    1    1    1    0    1    0    0    0    0    1    1    1    0    0    
0    1    1    0    1    1    1    1    1    1    1    1    1    0    1    
0    0    1    0    0    1    1    0    0    1    1    1    0    0    1    
0    0    0    1    1    1    0    0    0    1    0    0    0    1    0    
1    1    1    0    1    1    0    0    1    0    1    0    1    1    0    
0    1    1    0    0    0    1    0    0    1    1    0    1    1    1    
max connected area = 67
The random 2D matrix : 
1    1    0    1    1    1    0    1    0    1    1    1    1    0    1    
0    1    0    0    0    1    0    0    1    1    0    1    1    1    0    
0    1    1    0    0    0    0    0    1    0    0    1    1    1    1    
1    1    1    1    1    1    1    0    0    0    1    0    0    0    0    
0    0    1    0    0    1    0    0    1    0    0    1    1    0    0    
0    1    0    1    0    1    1    1    1    1    0    0    1    0    0    
1    0    0    0    0    1    1    1    1    1    1    0    0    0    0    
1    0    1    1    0    1    0    1    1    0    0    1    0    1    1    
1    1    1    1    1    0    0    1    1    0    0    0    0    0    0    
0    1    0    1    0    0    0    1    1    1    1    1    0    1    1    
1    0    0    1    0    1    1    0    0    0    0    0    0    0    1    
0    0    0    0    1    1    1    0    0    0    1    1    0    0    0    
1    1    1    1    0    1    0    1    1    1    1    0    1    1    0    
0    1    1    1    0    0    0    1    0    0    1    0    1    1    0    
1    0    1    0    1    0    1    0    1    1    1    1    1    0    0    
1    1    0    0    0    0    1    0    1    1    0    0    1    1    0    
1    0    0    1    1    0    1    0    0    0    1    1    1    0    1    
0    0    0    0    0    0    0    1    0    1    1    0    1    0    1    
1    0    0    0    1    1    0    0    1    0    0    1    1    0    1    
0    0    1    1    0    0    1    0    1    0    1    0    0    0    1    
max connected area = 35
The random 2D matrix : 
0    1    0    1    1    0    1    1    0    1    1    0    0    0    0    
1    1    1    0    0    0    1    0    0    1    0    1    0    1    1    
0    0    0    1    1    1    1    0    1    1    0    0    1    0    0    
1    1    0    0    1    0    0    1    1    0    0    1    0    1    1    
1    1    1    1    0    0    1    0    1    0    1    1    0    1    1    
1    0    0    1    1    0    1    1    1    0    0    1    0    0    0    
1    1    0    0    0    0    0    1    0    1    1    0    0    0    1    
1    1    1    0    0    0    0    1    0    1    0    0    0    0    0    
1    1    1    1    1    1    1    1    1    0    1    0    0    1    0    
1    1    1    0    1    1    1    1    1    1    0    1    1    0    1    
1    1    0    0    0    1    1    0    0    0    0    1    1    0    1    
1    1    0    1    1    1    0    0    0    1    1    0    0    0    0    
1    1    0    1    1    0    0    1    0    1    1    0    0    0    0    
1    0    1    1    1    1    0    1    1    0    1    1    0    1    1    
1    1    1    1    0    0    1    1    1    0    0    1    0    0    1    
1    0    1    0    1    0    1    0    0    1    0    1    0    1    0    
1    0    1    0    1    0    1    0    1    0    0    1    1    1    1    
1    0    1    0    0    1    1    0    1    1    1    1    0    1    0    
0    0    0    0    1    1    0    0    0    1    0    0    0    0    1    
1    1    1    1    1    0    0    0    0    1    1    1    0    1    0    
max connected area = 73






The random 2D matrix : 
1    1    0    0    0    0    0    0    1    0    1    0    1    1    1    1    1    0    1    0    
0    1    1    0    1    0    1    0    1    0    0    0    0    0    1    0    0    1    0    1    
1    1    1    1    0    1    0    0    1    1    0    1    0    1    1    1    1    0    1    0    
1    0    1    1    0    0    1    1    1    1    0    0    0    0    1    0    1    1    0    0    
0    0    0    0    1    1    0    0    0    1    1    1    1    0    0    0    0    1    1    1    
0    1    1    0    1    1    0    0    0    1    1    1    1    1    1    1    0    1    1    0    
1    0    1    0    0    1    0    0    0    1    1    0    1    1    0    0    0    1    1    0    
0    0    1    1    1    1    0    1    0    0    0    1    0    1    0    1    1    0    1    1    
0    1    0    1    0    0    1    0    1    0    0    1    0    0    1    1    1    1    1    1    
1    1    1    0    0    1    1    1    1    0    1    1    1    1    0    1    1    0    1    1    
0    0    0    1    0    1    0    1    1    1    0    0    0    1    0    1    0    1    0    0    
0    1    1    1    0    0    1    0    0    0    1    0    0    1    1    0    1    0    1    0    
1    0    0    0    1    1    1    0    0    1    0    0    1    1    0    1    1    1    1    1    
1    0    0    0    0    1    0    1    1    0    1    1    0    1    1    1    0    0    1    1    
1    1    1    0    1    1    0    0    0    1    0    0    0    0    0    0    1    0    1    1    
0    0    0    0    1    1    0    0    1    1    1    0    1    0    1    0    0    1    0    0    
0    0    0    0    0    0    0    0    1    1    1    1    1    1    0    1    0    0    1    1    
1    0    1    0    0    0    0    0    1    1    1    0    1    1    0    0    0    1    0    1    
0    1    0    0    0    0    1    0    0    0    1    0    0    0    0    0    1    1    1    0    
0    0    0    1    1    1    1    1    0    1    0    0    0    1    0    0    1    1    0    0    
1    1    0    1    0    0    0    1    1    1    1    1    1    0    1    0    1    0    0    1    
0    0    1    0    1    0    1    1    1    1    1    1    1    1    0    1    1    0    0    1    
1    1    0    0    1    1    1    0    0    1    1    0    1    1    0    1    1    1    0    0    
1    1    1    0    0    0    1    1    0    1    0    0    0    1    0    0    0    1    0    0    
0    0    0    0    1    1    1    0    0    1    0    1    0    0    1    0    0    0    1    0    
1    0    0    0    1    1    0    1    0    0    0    1    0    0    1    1    1    0    1    0    
1    0    1    1    0    1    1    0    1    0    0    1    0    1    1    1    0    1    1    0    
1    1    1    0    1    0    1    1    0    1    1    1    1    0    0    1    1    1    1    1    
0    1    0    0    0    1    0    0    0    1    1    1    0    0    1    1    1    1    0    1    
0    1    1    1    0    1    0    1    1    1    0    1    0    0    1    1    1    1    1    1    
0    0    1    0    1    0    0    0    1    0    1    1    0    0    0    0    0    0    1    1    
1    0    0    0    0    1    1    0    1    0    1    1    1    0    0    0    1    0    0    0    
0    1    0    0    0    0    0    0    1    0    1    0    0    1    0    0    0    1    0    1    
0    0    1    1    0    1    1    1    1    1    0    1    0    0    0    0    0    0    0    1    
0    1    0    0    0    0    1    1    0    1    0    0    1    1    1    0    0    0    1    1    
1    1    1    1    1    1    0    0    1    0    1    0    0    1    0    0    0    1    1    0    
1    0    0    0    1    1    0    0    1    0    1    0    1    0    1    1    1    1    1    1    
0    0    1    0    0    1    0    0    1    0    0    0    0    0    0    1    1    1    1    0    
1    1    0    0    1    1    1    1    1    0    0    1    1    1    1    1    0    1    1    1    
1    1    1    1    1    0    1    0    1    0    0    0    1    0    0    1    1    0    0    0    
0    0    1    1    1    0    0    1    0    1    1    1    0    0    1    1    0    0    1    1    
0    1    1    0    1    0    1    1    0    1    1    0    1    1    0    0    1    0    1    1    
0    0    1    0    1    0    0    1    0    1    1    0    1    0    0    0    0    1    1    0    
0    1    1    1    0    1    1    1    1    1    1    1    1    0    0    0    0    0    0    0    
1    1    0    0    1    1    1    0    0    0    0    1    1    1    0    1    0    0    1    0    
1    0    1    0    0    1    1    0    1    1    0    1    0    0    1    1    1    0    1    0    
1    0    1    0    1    1    0    0    1    1    0    0    1    1    1    1    1    0    1    0    
1    1    1    1    1    1    0    1    1    0    1    0    0    0    1    1    1    1    1    1    
0    1    1    1    1    0    0    0    0    1    0    1    0    0    0    1    1    1    0    0    
1    1    1    1    1    0    0    1    1    0    0    1    1    1    0    0    0    0    0    0    
1    1    0    1    1    0    0    0    1    1    0    0    0    1    1    0    1    0    1    0    
0    1    1    1    0    1    0    0    1    0    1    0    1    1    1    0    1    0    0    1    
1    1    1    1    0    1    1    0    1    0    0    1    1    0    0    0    1    0    0    1    
1    1    1    0    0    1    1    0    1    1    1    0    0    0    1    1    1    1    1    0    
1    1    1    1    1    0    1    1    0    1    0    1    1    1    0    1    0    1    1    1    
0    0    1    1    1    1    0    0    0    1    1    1    0    0    0    0    0    1    1    1    
1    1    0    0    0    0    1    1    1    1    0    0    1    0    1    0    1    1    1    1    
0    0    0    0    0    1    0    1    0    1    0    1    0    0    1    1    1    1    0    0    
0    0    0    1    0    1    0    1    0    1    0    0    1    1    1    1    0    1    0    0    
1    0    0    1    1    1    0    0    0    0    0    0    1    1    0    1    0    0    1    1    
1    1    1    0    0    0    1    0    0    0    1    1    0    1    0    1    0    1    1    1    
1    0    1    0    1    1    0    1    1    1    0    0    0    0    0    1    0    0    1    0    
0    0    1    0    1    0    0    0    1    1    1    0    1    0    1    0    0    1    0    1    
0    0    0    0    0    0    1    1    0    1    1    0    1    1    1    1    1    1    1    0    
0    0    0    0    0    1    0    0    0    0    0    0    1    0    1    1    0    0    0    1    
1    0    1    1    1    0    0    0    1    1    0    0    1    0    0    1    0    0    0    0    
1    0    1    0    0    0    1    0    0    0    1    0    0    1    1    1    1    1    1    1    
0    1    1    1    1    1    0    1    1    0    0    0    0    1    0    0    1    0    1    1    
0    0    1    0    1    0    1    1    1    0    0    1    1    1    0    0    0    1    0    1    
1    0    0    0    1    0    0    0    0    1    1    0    0    1    0    1    1    1    0    1    
max connected area = 116
